low,medium,high,listing_id
0.331670480438,0.546572134534,0.121757385027,7142618
0.963092575679,0.0215514629622,0.0153559613589,7210040
0.831241920934,0.144132072663,0.0246260064031,7103890
0.343648480767,0.471796162103,0.18455535713,7143442
0.79504860348,0.187789548143,0.0171618483775,6860601
0.975292778398,0.0241864294732,0.000520792128615,6840081
0.805997403183,0.180293070972,0.0137095258448,6922337
0.46477933532,0.421292084491,0.113928580189,6913616
0.634864782736,0.318787907942,0.0463473093219,6937820
0.5966852676,0.365186087566,0.038128644834,6893933
0.989883058038,0.00955958256248,0.000557359399236,6832604
0.925569367677,0.0656088484204,0.0088217839027,6915282
0.708262829072,0.240431907335,0.0513052635929,7127565
0.914273550322,0.0801309037065,0.00559554597168,6827899
0.996415809524,0.00314398486667,0.000440205609079,6934855
0.864848877638,0.1273725028,0.00777861956177,6861826
0.592047388159,0.294160435831,0.113792176009,6871643
0.982501744989,0.0164308621074,0.00106739290309,6842542
0.898582878397,0.0959571440184,0.00545997758479,6934145
0.445696633061,0.461614525635,0.0926888413033,6829365
0.677984553435,0.298189031834,0.0238264147303,7167858
0.960393625831,0.037777938769,0.00182843539973,6859483
0.92577999991,0.067741700669,0.00647829942086,6861377
0.729106005097,0.233400671754,0.0374933231485,6848960
0.965483843734,0.0335844504823,0.000931705783231,6918850
0.186547420914,0.491964219102,0.321488359984,6916867
0.821198588374,0.169576839967,0.00922457165847,6895840
0.521830740151,0.192848636734,0.285320623114,6813539
0.226151860067,0.503963167273,0.26988497266,7116900
0.993739306523,0.00296287970803,0.00329781376917,6890328
0.807353142558,0.101285763123,0.0913610943189,6879406
0.427051485978,0.473695658751,0.099252855271,6824924
0.994626707443,0.00225079810839,0.00312249444817,6911302
0.391798971756,0.539886354406,0.0683146738376,6918742
0.853348006252,0.143574485833,0.00307750791588,6910586
0.773604808936,0.204258331397,0.0221368596663,6821750
0.227999773638,0.548749878512,0.22325034785,6860647
0.409282908985,0.53380095743,0.0569161335852,6932873
0.83082537723,0.156247430237,0.012927192533,6846053
0.639965352314,0.23026738387,0.129767263816,6940365
0.646604426634,0.310902658234,0.0424929151316,6931867
0.987294797653,0.0120998883062,0.000605314040447,6876383
0.527482837045,0.438647241445,0.0338699215106,6910980
0.980756296377,0.0140380919478,0.00520561167547,6880877
0.219238318906,0.523827706731,0.256933974363,6839552
0.859261226709,0.115102619609,0.025636153682,6838051
0.0972889384706,0.152974847807,0.749736213722,6928201
0.530253599212,0.416631507227,0.0531148935603,6945608
0.897664527481,0.087006107163,0.0153293653558,6816147
0.860298546977,0.130381130731,0.00932032229243,6868129
0.810976466175,0.170326165151,0.0186973686737,6849448
0.0733187532367,0.486686254396,0.439994992368,7113677
0.924757713524,0.0720759933156,0.00316629316031,6930856
0.50282204501,0.40430383347,0.0928741215202,6889594
0.965199790304,0.0340413239635,0.000758885732091,6842682
0.0656359698104,0.577386849191,0.356977180998,6880366
0.992002291962,0.00704473374524,0.000952974292887,6835063
0.203667121373,0.257003677805,0.539329200822,6820479
0.791500150583,0.197997693532,0.0105021558843,6882057
0.292443338058,0.640068325623,0.0674883363196,6834440
0.999111042677,0.000761034702039,0.000127922621348,6880846
0.985416954186,0.0140616296207,0.000521416193489,6847248
0.991274883494,0.0080619282068,0.000663188299405,6868368
0.952386455146,0.0454025860355,0.00221095881814,6943505
0.995666991941,0.00337505497013,0.0009579530888,7174304
0.473874362399,0.437426423597,0.0886992140042,6880747
0.705581970388,0.273058746432,0.0213592831799,6933565
0.998403826323,0.00137244144208,0.000223732234481,6888511
0.223821984753,0.702656097993,0.0735219172535,6942704
0.654943415222,0.324447609213,0.0206089755644,6840304
0.905301644803,0.0873747554247,0.0073235997726,6856860
0.998347418308,0.0015383842521,0.000114197439726,6884921
0.917041307159,0.0791713117449,0.0037873810965,6937417
0.992716889135,0.00673641033587,0.000546700528681,6831129
0.474043813114,0.454842512178,0.0711136747081,6936660
0.921010740784,0.0745648361369,0.00442442307952,6940667
0.98713316586,0.0122018407398,0.000664993400153,7201307
0.949357985072,0.0486995735657,0.00194244136269,6825434
0.97450955524,0.0166188353164,0.00887160944403,6848114
0.0198817568625,0.131850475431,0.848267767706,6947758
0.921819609187,0.0440452011241,0.0341351896891,6897002
0.983176808296,0.0166277835999,0.000195408103606,6926661
0.607067855179,0.365171900606,0.0277602442153,6867411
0.710826611573,0.267693808668,0.0214795797588,6910154
0.865166920026,0.107142682348,0.0276903976264,7157900
0.777070252285,0.205310870569,0.017618877146,6922324
0.91054315106,0.0875673489326,0.00188950000702,6863068
0.955476678333,0.0415648415633,0.00295848010327,6912109
0.382239300708,0.420302610075,0.197458089217,6918609
0.24008895379,0.489646243291,0.270264802919,6889300
0.454809189472,0.484141311634,0.0610494988942,6837794
0.146323367977,0.51819329148,0.335483340543,6943098
0.559324535157,0.384990809022,0.0556846558207,6927601
0.991751106588,0.00733649817979,0.000912395232132,6897826
0.987736383664,0.0120519633595,0.000211652976946,6882892
0.127444913141,0.401604525379,0.47095056148,6873384
0.992224104639,0.00705417554447,0.00072171981674,6934693
0.740769237496,0.240578211978,0.0186525505264,7224450
0.994276274789,0.00516944335328,0.000554281857758,6898157
0.987503325843,0.0120008898947,0.000495784262538,6837355
0.741990091762,0.204828438904,0.053181469334,6830595
0.370221199887,0.399314337347,0.230464462766,6943561
0.179204193357,0.531057286604,0.289738520039,6844380
0.865413560127,0.122743674855,0.0118427650179,6814286
0.314245731061,0.496749598873,0.189004670066,6898520
0.170045991159,0.487250852641,0.3427031562,6940979
0.947218187066,0.0238469334557,0.0289348794784,6851090
0.787213764101,0.195367437442,0.0174187984569,7107169
0.912850471491,0.0767073483897,0.0104421801194,6830287
0.742159034252,0.237598487546,0.020242478202,6933575
0.112933166967,0.438584560384,0.448482272649,6938972
0.986389888675,0.0132464948878,0.000363616436963,6888315
0.872805597198,0.117999009518,0.00919539328422,6855106
0.325206575833,0.352874315997,0.32191910817,6838237
0.719622341191,0.254355879205,0.0260217796038,6901024
0.955360959998,0.0420929329048,0.00254610709694,6846627
0.996304969577,0.00361503546241,7.99949608205e-05,7219857
0.951737646266,0.0403176117824,0.00794474195141,6852685
0.307760669904,0.618193203237,0.0740461268589,6831610
0.816886258386,0.167170658521,0.0159430830931,6943538
0.987608844011,0.0114316947387,0.000959461250568,6911637
0.938590673351,0.056520953404,0.00488837324531,6854543
0.141285343159,0.535936500986,0.322778155855,6940451
0.103196862581,0.492318305392,0.404484832028,6819530
0.874466974057,0.122209833562,0.00332319238073,7093396
0.818342314206,0.166442672319,0.015215013475,6840326
0.907577755444,0.0876475068363,0.00477473772004,6834204
0.347131455459,0.516904360077,0.135964184465,6902518
0.728089225259,0.246461456095,0.0254493186456,6930253
0.995268840672,0.00456669238014,0.000164466947384,6828293
0.0206530874925,0.0624744893538,0.916872423154,7203744
0.863069736295,0.0430944119743,0.0938358517305,6816478
0.837809237953,0.148307199574,0.0138835624731,6868890
0.328189651885,0.576640479949,0.0951698681658,6879338
0.921752348677,0.0728074216619,0.00544022966065,6898532
0.949102969969,0.0464512213682,0.00444580866226,6899965
0.998657043073,0.00115611293087,0.000186843996431,7133875
0.572037878419,0.365278657025,0.0626834645562,6822218
0.521252127041,0.361725731763,0.117022141196,6814018
0.233697030775,0.551623743971,0.214679225254,6896376
0.233924315412,0.630282546973,0.135793137615,6918670
0.945440138373,0.0517044619895,0.00285539963723,6867839
0.984299639782,0.0145549641958,0.00114539602239,6823554
0.994137974775,0.00460071036865,0.00126131485644,6934798
0.341519980967,0.586545859181,0.071934159852,6820823
0.936279630229,0.0615144870256,0.00220588274552,6880212
0.998167926561,0.00152187058215,0.000310202856579,6934814
0.949196776791,0.0478791219177,0.00292410129121,7254134
0.165522611803,0.548535962072,0.285941426125,6938303
0.654058921905,0.322060669308,0.0238804087868,6813807
0.187180106223,0.553338955186,0.259480938591,6878604
0.993573238841,0.00594030436803,0.000486456791382,6876763
0.976416600796,0.0230241230663,0.000559276137972,6844352
0.605761659113,0.341582334829,0.0526560060577,6915939
0.606193012709,0.310093799234,0.0837131880571,7109370
0.87351331945,0.117920020158,0.00856666039274,6855445
0.601246756151,0.360354499746,0.0383987441024,6818668
0.995643887491,0.00418476307401,0.000171349434788,6836527
0.940510310151,0.0556950031451,0.00379468670361,6831717
0.644218311266,0.298876525892,0.0569051628419,6937162
0.830341885583,0.163651628609,0.00600648580745,6922876
0.601000931742,0.364483945534,0.0345151227233,7109482
0.697132073017,0.274370017053,0.0284979099309,6940972
0.51405332756,0.392972633874,0.0929740385668,6883790
0.754944606209,0.227422587901,0.0176328058906,6921643
0.968707592832,0.0308704468105,0.000421960357576,6935700
0.854631186825,0.139888812498,0.00548000067662,6827025
0.894161655944,0.091503400985,0.0143349430714,6943096
0.997271848299,0.00225786807426,0.000470283626371,7161468
0.936993252395,0.0589647240972,0.00404202350821,6879610
0.692420545301,0.275006074055,0.0325733806442,6935762
0.897195472383,0.0880287250885,0.0147758025285,6925042
0.509132477158,0.446244554088,0.0446229687531,7121050
0.995854117965,0.00197341947023,0.00217246256503,6821601
0.930311542159,0.0663771130785,0.0033113447622,6926810
0.942513057282,0.0547620646135,0.00272487810452,6946532
0.371226746658,0.494216968822,0.13455628452,6875171
0.406289192362,0.53089220937,0.0628185982674,7096285
0.996098493996,0.00324299498942,0.000658511014321,6812321
0.704638988186,0.194699450045,0.100661561769,6822697
0.848109216983,0.148244628503,0.00364615451398,6941294
0.988785207714,0.0106570546932,0.000557737592363,6873564
0.55045794011,0.417285525334,0.0322565345554,6926791
0.0775801150323,0.221154986656,0.701264898312,7142444
0.582063102266,0.320221760026,0.0977151377076,6878128
0.770667893742,0.214933393091,0.0143987131673,6927428
0.991375743721,0.00811459034926,0.000509665929507,6812674
0.290686514692,0.555577475977,0.153736009331,6881774
0.980793650118,0.018619593063,0.000586756819461,7167797
0.181724854401,0.637693358324,0.180581787274,6865238
0.483488308081,0.421706526337,0.0948051655827,6841710
0.913640782203,0.0713524739294,0.0150067438674,6856334
0.899286267007,0.0984563600437,0.00225737294914,6906462
0.753202554279,0.217525310233,0.0292721354888,6837438
0.135525303167,0.555292514847,0.309182181985,6908277
0.995298853853,0.00391917644935,0.000781969697835,6841291
0.571467175474,0.38061401795,0.0479188065753,6915178
0.244975581734,0.624439290601,0.130585127665,6893031
0.167186904711,0.566609635615,0.266203459673,6894985
0.575384650462,0.392951554213,0.0316637953246,6931134
0.334202079866,0.385426337297,0.280371582837,6872264
0.315978333943,0.537903616364,0.146118049693,6816953
0.0877232026581,0.4648848871,0.447391910242,7163518
0.83588701381,0.158684132895,0.00542885329547,6893253
0.754292509029,0.216016309125,0.0296911818457,6943822
0.852958817783,0.135482499173,0.0115586830435,6946313
0.943648100728,0.0523445606367,0.00400733863568,6839443
0.749055645633,0.215371446072,0.0355729082944,6911338
0.0591814016351,0.309558671172,0.631259927193,7223877
0.611400297685,0.375432577651,0.0131671246637,6917884
0.994700940588,0.00507491973913,0.000224139672633,6823126
0.981438853985,0.0106908436336,0.00787030238113,6939488
0.992689454402,0.00582038404197,0.00149016155558,7196924
0.998806918399,0.00107733211033,0.000115749490442,6905685
0.967314984401,0.0320143938873,0.000670621711656,6894092
0.990893583619,0.00803683144616,0.00106958493438,6812181
0.295057614832,0.62848230898,0.0764600761882,6854610
0.215679140504,0.595233896963,0.189086962533,6873754
0.0194262783941,0.0982771829016,0.882296538704,6859181
0.964938957182,0.0339618279603,0.00109921485806,6825402
0.82294680797,0.173477160803,0.00357603122705,6819526
0.960886565851,0.0368013422812,0.00231209186781,6896065
0.637946380313,0.342636495045,0.0194171246419,6931793
0.881795874456,0.105003908699,0.013200216845,6907360
0.953688932578,0.0393247001164,0.00698636730514,6813182
0.994310470276,0.0049221072603,0.000767422463603,6823959
0.317748868572,0.504785969334,0.177465162095,6942189
0.530881221539,0.378472829445,0.0906459490168,6844384
0.444840764301,0.485491203799,0.0696680319001,6836888
0.798960575162,0.187548814538,0.0134906103002,6917844
0.189433958763,0.662716425234,0.147849616003,6937842
0.666659428812,0.306055086634,0.027285484554,6926917
0.667477790619,0.306224703186,0.0262975061946,7160740
0.418079243935,0.505721999269,0.0761987567958,6936310
0.280742172617,0.541150531648,0.178107295735,6849109
0.99371609151,0.00605466494546,0.000229243544524,6831018
0.975342124152,0.0237518209319,0.000906054915862,6909842
0.955346304034,0.043943235463,0.000710460502669,6861360
0.642713601917,0.334763688346,0.0225227097372,6883414
0.743803112692,0.227454111329,0.0287427759791,6876026
0.995653867336,0.00415643841155,0.000189694252379,7095390
0.127187752609,0.343309954993,0.529502292398,6932265
0.882698357655,0.114501370459,0.00280027188609,6870949
0.598034201036,0.363519517503,0.0384462814602,6831335
0.483666408366,0.411258751917,0.105074839718,6895698
0.511599431827,0.451695209755,0.0367053584179,6889889
0.926018028979,0.0692802404551,0.00470173056599,6876679
0.486914136251,0.382416189999,0.130669673751,6947097
0.985735270552,0.0116836907303,0.00258103871765,6874970
0.181318004339,0.439583364728,0.379098630933,6831069
0.875375287102,0.0959496092023,0.0286751036955,6833628
0.515101430979,0.415522546167,0.0693760228542,6819282
0.912454073216,0.0846485168953,0.00289740988916,6825025
0.465532214279,0.434084317331,0.100383468391,6856513
0.999097034307,0.000858518241999,4.44474510226e-05,6928711
0.369444951282,0.46115295377,0.169402094949,6832548
0.851545810607,0.145068384212,0.00338580518118,6881870
0.126546253814,0.369702293826,0.503751452361,6866978
0.0664426753339,0.407855074715,0.525702249951,7163400
0.952599993034,0.0215138082605,0.025886198706,6917187
0.442804093276,0.540057420527,0.017138486197,6927475
0.713677599098,0.188986259126,0.0973361417766,6903243
0.975519458297,0.0228638496189,0.00161669208449,6876188
0.926103073471,0.0719502518875,0.00194667464194,6922219
0.994478857178,0.00517943285396,0.00034170996831,7104085
0.124327888713,0.744765886957,0.130906224331,6920897
0.996981885086,0.00238789005609,0.000630224857882,6812177
0.261117867127,0.64287514028,0.0960069925932,6941047
0.9974476709,0.00216052548427,0.000391803615251,6827609
0.993819203911,0.00569645110087,0.000484344987845,6934328
0.219586562172,0.547385449043,0.233027988785,6937556
0.190849992961,0.61217564808,0.196974358959,6879765
0.928643755897,0.0690646184109,0.00229162569164,6942927
0.30829125913,0.623823164443,0.0678855764275,6945170
0.837406426509,0.154117019552,0.00847655393842,6901915
0.989075592878,0.00960085699861,0.00132355012347,6824475
0.827762099337,0.146940444356,0.0252974563068,6832968
0.990989287584,0.00871185566393,0.000298856751998,7166718
0.952624758484,0.0458107406273,0.00156450088825,6905079
0.0286064596496,0.226636646698,0.744756893652,6940297
0.551455285218,0.416545762195,0.0319989525872,6911080
0.992447145887,0.00631192288616,0.00124093122672,6917208
0.759361937441,0.228994711178,0.0116433513809,6858925
0.137521315253,0.518895332211,0.343583352536,7169883
0.0731403641302,0.462160287785,0.464699348085,6944112
0.613996307306,0.344441001885,0.0415626908089,6885816
0.904821532044,0.0884627633139,0.00671570464218,6837733
0.779126188948,0.169570365431,0.0513034456207,6828658
0.324048612475,0.54086157678,0.135089810745,6839429
0.984888745897,0.0130450591758,0.00206619492683,7164794
0.513969050913,0.324448889028,0.161582060059,6837661
0.895341235166,0.0933823266747,0.0112764381598,6883255
0.884246785689,0.10249902066,0.0132541936507,6833054
0.934705414966,0.0439606818101,0.0213339032238,7675463
0.702394446753,0.184009090314,0.113596462933,6871526
0.705270079234,0.281211177422,0.0135187433441,6876295
0.965017988885,0.0333834842049,0.00159852691037,7204045
0.45173978519,0.42769937821,0.1205608366,6840357
0.949356696945,0.0470571207713,0.00358618228394,6917531
0.0864777921849,0.266197408241,0.647324799575,6886057
0.553047470935,0.417932926797,0.029019602268,6833734
0.584469755251,0.398173150205,0.0173570945442,6908098
0.823090390812,0.152824441993,0.0240851671949,6860562
0.030062838563,0.391721858588,0.57821530285,6859167
0.997652609945,0.0020291871456,0.000318202909524,6812141
0.861008601442,0.135435098405,0.00355630015331,6919431
0.503662523095,0.472434553839,0.0239029230665,6869389
0.891742598737,0.0987650400368,0.00949236122636,6906034
0.983121003963,0.0161334877259,0.000745508310689,7108495
0.974013441948,0.025329138774,0.000657419277563,6864681
0.863976374817,0.133231231153,0.00279239402981,6893982
0.880831033354,0.110162437782,0.00900652886327,6862160
0.566908969792,0.402606749305,0.0304842809024,6854804
0.515997238692,0.467637689828,0.0163650714798,7143164
0.892544994578,0.0985579778366,0.00889702758531,6936651
0.829239680767,0.163372377674,0.0073879415585,6837450
0.0141513900155,0.14788089451,0.837967715475,6908259
0.944090713183,0.0488538432031,0.00705544361394,6916539
0.743320050839,0.201268560962,0.0554113881988,6947176
0.201108718133,0.43770103882,0.361190243047,6933958
0.135449438051,0.466260114979,0.39829044697,6816549
0.958605678874,0.039364349627,0.00202997149879,6876117
0.764229923229,0.213748942347,0.0220211344233,6848605
0.68976930653,0.27442734969,0.0358033437796,6840659
0.340956141507,0.391350782099,0.267693076393,6823496
0.996925143625,0.0029870510716,8.7805303456e-05,6912609
0.947458036606,0.0495290320012,0.00301293139258,7097937
0.702961359136,0.286040464607,0.0109981762571,6924524
0.417744550036,0.483883449019,0.0983720009449,6938236
0.977617410388,0.0212881713848,0.00109441822714,6865751
0.907795833542,0.0902927876637,0.00191137879477,6936323
0.592927123996,0.27798131396,0.129091562044,6868422
0.729393476193,0.258919221916,0.0116873018905,7210133
0.957278772293,0.0388242496001,0.00389697810721,7215631
0.713078290399,0.266533407494,0.020388302107,6940189
0.956577971563,0.0431069337003,0.000315094736394,6888941
0.358592532938,0.488234506357,0.153172960705,6831598
0.969486116435,0.0296402653479,0.00087361821722,6939963
0.123716830114,0.748202183953,0.128080985933,6897175
0.902003776198,0.0899580915699,0.00803813223197,6816167
0.738102613418,0.243238670972,0.0186587156101,6812965
0.0531055458814,0.218494208951,0.728400245167,7149372
0.969378648477,0.0291249418916,0.00149640963161,6875959
0.326155231582,0.550347401924,0.123497366494,6925644
0.26491158276,0.553620241637,0.181468175603,6874269
0.902539975959,0.0893304567349,0.00812956730573,6814721
0.598036940775,0.381754504693,0.0202085545321,6922432
0.952236958131,0.0454351257539,0.00232791611562,6858861
0.993109057724,0.00638681943538,0.000504122841114,6835339
0.308910122972,0.582766148397,0.10832372863,6896997
0.99872878923,0.000969859416102,0.000301351354266,6921134
0.224185240497,0.727050321834,0.0487644376685,6883685
0.984567332625,0.0148741498834,0.000558517491802,6911406
0.0887025066964,0.429682806688,0.481614686616,6825733
0.240670301563,0.538204231118,0.221125467319,6884462
0.952355980505,0.0454564523609,0.00218756713422,6858682
0.429021095266,0.535734427048,0.0352444776864,6894013
0.421848747611,0.219162199205,0.358989053183,6856391
0.979592692443,0.0200155636384,0.00039174391884,6828064
0.997945396981,0.00199757801296,5.70250056705e-05,6817336
0.779868828212,0.168945159906,0.0511860118824,6819178
0.442809598277,0.403077402977,0.154112998746,7147339
0.275286351703,0.505277087953,0.219436560345,6887757
0.530568122171,0.446171127575,0.0232607502537,6946859
0.996709074299,0.00180300247979,0.0014879232214,6855963
0.44519549268,0.478005250945,0.076799256375,6839828
0.504368792467,0.457094341482,0.0385368660513,6870806
0.216411100434,0.586068488987,0.19752041058,6880221
0.7705594026,0.20604483664,0.0233957607596,6921809
0.376851308345,0.335539328403,0.287609363252,6897069
0.14657336194,0.480845006931,0.372581631129,6897157
0.739796635647,0.246567159922,0.0136362044309,6898912
0.697484476228,0.270625179314,0.0318903444578,6856271
0.998791859336,0.00108139352137,0.000126747142472,6888381
0.968375570074,0.0305948054667,0.0010296244594,7099191
0.146465022647,0.552295346033,0.30123963132,6917882
0.999290582199,0.000691768208704,1.76495927746e-05,6931260
0.443194294737,0.480511056166,0.0762946490972,6849996
0.584293698228,0.398170745575,0.0175355561966,6887973
0.17227775077,0.594179329329,0.233542919901,6850205
0.547500784129,0.368411555709,0.0840876601616,6845657
0.809838820676,0.175258397107,0.0149027822168,6930302
0.885445246158,0.0789823873762,0.0355723664662,6852391
0.242321558135,0.336799282832,0.420879159034,6920411
0.883536617743,0.114677811787,0.00178557046978,6907999
0.839281701313,0.144362050977,0.01635624771,6864094
0.827638826305,0.159909568369,0.0124516053259,6813852
0.17646639808,0.390266733675,0.433266868246,7232295
0.427735466351,0.509545452957,0.0627190806929,6896558
0.541277692397,0.406880707091,0.0518416005126,6858919
0.782817109782,0.188267813608,0.0289150766105,6847828
0.825757741359,0.165667338601,0.00857492003926,6925116
0.768753413408,0.213614545936,0.0176320406559,6854687
0.23162439785,0.686800915283,0.0815746868665,6946415
0.999468827424,0.000474662248452,5.65103279849e-05,6827859
0.0503362845561,0.395691202366,0.553972513078,6884313
0.823677275167,0.169810748224,0.00651197660934,6848651
0.925192791261,0.0717003564027,0.00310685233621,7136298
0.432632652257,0.419426632207,0.147940715535,6874534
0.0540960232615,0.635838883997,0.310065092741,6908942
0.932772889338,0.0661829888494,0.00104412181264,6894718
0.539090229213,0.27991268183,0.180997088958,6876449
0.34376332431,0.574130915778,0.0821057599113,6825630
0.952497653496,0.0454888074803,0.00201353902346,7155655
0.917429223792,0.0771469961457,0.00542378006238,7201310
0.94368653666,0.0548884976136,0.00142496572685,6864334
0.913150119541,0.0849208191659,0.00192906129349,6876658
0.258238946926,0.432095817589,0.309665235485,6842370
0.0470886761048,0.219192581472,0.733718742423,6835467
0.773688632525,0.21383872347,0.0124726440053,7227368
0.568840014829,0.341630660937,0.0895293242337,6859482
0.953363299548,0.044799098492,0.00183760195949,6878641
0.998489019711,0.00147182070463,3.91595841677e-05,6869916
0.84205813965,0.106727555883,0.0512143044675,6841060
0.604906318575,0.377314343682,0.0177793377434,6887832
0.992698513433,0.00682967974235,0.000471806824664,6905898
0.168231890638,0.578434460569,0.253333648793,7104742
0.77662350104,0.208687489411,0.0146890095486,6948090
0.412016576087,0.476086759591,0.111896664322,6839851
0.951042123654,0.0472010769629,0.00175679938321,6934051
0.265972036745,0.615598047536,0.118429915719,6888727
0.82066969629,0.160315247344,0.0190150563655,7167478
0.239654997851,0.569220713731,0.191124288419,6892109
0.0357805098516,0.22001578459,0.744203705558,6908544
0.471693501865,0.500269516836,0.0280369812992,6921725
0.416614790773,0.501661410471,0.0817237987564,6932343
0.995588734567,0.00357086293831,0.000840402494419,6914309
0.989600661413,0.00609575763839,0.0043035809491,6919805
0.727314238276,0.251946619863,0.0207391418615,6947828
0.62638950757,0.305369670947,0.0682408214838,6920362
0.106167899389,0.478762937005,0.415069163606,7110179
0.190954334738,0.438469023949,0.370576641313,6877834
0.75599651466,0.216327171733,0.0276763136066,6876966
0.995376431802,0.00367009595947,0.000953472238744,6823918
0.997866253304,0.00189275709362,0.000240989602771,6871243
0.320475440874,0.513437861956,0.16608669717,6928189
0.656606068727,0.325810855026,0.0175830762467,6852455
0.948265352705,0.0466098007166,0.00512484657833,7208631
0.159416175284,0.491739035034,0.348844789682,6831811
0.993907268444,0.00577927697721,0.000313454579221,6904276
0.932947264402,0.0504961704154,0.0165565651829,6831589
0.682610850443,0.279085291842,0.0383038577152,6901814
0.190415362226,0.162331814331,0.647252823444,6854667
0.976801210897,0.0224457685483,0.000753020554482,7192650
0.998031612174,0.00169355461091,0.000274833214961,6836299
0.896130272014,0.0984540493677,0.00541567861824,6887919
0.472601326111,0.469661904583,0.0577367693059,6927679
0.76678046047,0.190301053383,0.0429184861468,6855908
0.953639023323,0.0447086374839,0.00165233919271,6854766
0.971711516112,0.0242103838653,0.00407810002267,6847472
0.438957008788,0.430528858919,0.130514132293,6862519
0.122231542238,0.387867993565,0.489900464197,6938819
0.213387340116,0.502700525054,0.28391213483,6945434
0.0699491763787,0.176710194177,0.753340629444,6832722
0.968503173093,0.0289544603671,0.00254236654027,6852707
0.55975027221,0.391910613287,0.0483391145031,7177680
0.969997496046,0.025118767325,0.00488373662872,6834945
0.966050917063,0.0328184352611,0.00113064767618,6890316
0.951547545862,0.0416153561755,0.00683709796238,6816620
0.897587955561,0.0947758221957,0.00763622224309,6945175
0.91317679633,0.0819377431922,0.00488546047791,6914016
0.821094513584,0.166424622052,0.0124808643633,6852619
0.278930598019,0.596925768911,0.124143633071,6813211
0.959150420306,0.0383555162509,0.00249406344323,6820546
0.996267731985,0.00262332517223,0.00110894284231,6836128
0.539662854923,0.409283695868,0.0510534492092,6850557
0.795028512608,0.106298943932,0.0986725434598,6864997
0.942790097727,0.0533134413242,0.00389646094878,6883705
0.955106526116,0.0433499049603,0.00154356892323,6898767
0.875904793281,0.118072025757,0.00602318096198,6866020
0.165884327762,0.553384799393,0.280730872844,7126382
0.264805595319,0.623572089802,0.111622314878,6847427
0.859156383058,0.129604571031,0.0112390459104,6841013
0.993569689884,0.00616836424082,0.000261945875275,6909469
0.701613615321,0.270124965855,0.0282614188245,6922473
0.464888753047,0.368990613628,0.166120633325,6925906
0.489633745656,0.435818758921,0.0745474954225,6946014
0.694895325343,0.30042106341,0.00468361124623,6820739
0.101679662974,0.427051651447,0.471268685579,6927559
0.998117374334,0.00168830743749,0.000194318228113,7174772
0.789123840005,0.202333478548,0.00854268144704,6931036
0.8442855517,0.149656077541,0.00605837075895,6918163
0.157143144907,0.373914540997,0.468942314096,6893604
0.451172982179,0.335337941932,0.213489075889,6868844
0.108700135612,0.443437809056,0.447862055332,6814537
0.95969752161,0.0382671854473,0.00203529294268,6916118
0.680333530415,0.278734693709,0.0409317758757,6838509
0.269079695762,0.451647145927,0.279273158311,6919725
0.982145761913,0.0175396761335,0.000314561953174,6932476
0.852381441664,0.139000126962,0.00861843137428,6860496
0.456560020393,0.481962569926,0.061477409681,7156799
0.503778257627,0.399005937319,0.0972158050531,6837521
0.281879698134,0.588580109498,0.129540192368,6913204
0.762677516873,0.221416809319,0.0159056738083,6947516
0.967080209265,0.0286140097812,0.00430578095393,6838117
0.899721482208,0.0949035193333,0.00537499845915,6933366
0.902971439992,0.0938701187441,0.00315844126393,7134198
0.741563201639,0.232688056811,0.0257487415508,6898450
0.869578803594,0.124012512395,0.00640868401062,6819926
0.594632555391,0.363416715588,0.0419507290206,6947698
0.992262915732,0.007103261708,0.000633822559564,6838721
0.456916870847,0.483984738167,0.0590983909862,6936661
0.423133557293,0.468527220858,0.108339221848,6912257
0.928454810773,0.0626951432367,0.00885004599021,6905569
0.199402374068,0.521499096914,0.279098529018,6927167
0.935020550161,0.0583179913773,0.00666145846173,7150689
0.788148727713,0.20376156251,0.00808970977615,6820358
0.366066077654,0.516956405644,0.116977516703,6945045
0.506851807913,0.33013170654,0.163016485547,6866884
0.70994906543,0.254014449173,0.0360364853976,6820658
0.466160121727,0.486434643938,0.0474052343355,6826462
0.740566128531,0.231075343213,0.0283585282563,6932390
0.113592871706,0.538138853367,0.348268274928,6905031
0.611795212075,0.353109789518,0.0350949984069,6923011
0.302236540194,0.541007867585,0.156755592222,6908504
0.2814322325,0.442460762647,0.276107004854,6881050
0.795261301844,0.198883205473,0.00585549268346,6892968
0.916194356873,0.0490539332736,0.0347517098533,7346996
0.701735774409,0.274720573689,0.0235436519023,6876206
0.732660317213,0.230807373728,0.0365323090596,6813475
0.991985920109,0.00348140805732,0.00453267183402,7190057
0.72808585317,0.243035057469,0.0288790893614,6838465
0.878806053302,0.0976781348345,0.0235158118631,6899364
0.995713481215,0.0042094745464,7.7044238484e-05,6891616
0.929874541668,0.0658310454149,0.00429441291698,6836715
0.739031722188,0.254467619754,0.00650065805787,6829616
0.891783628593,0.102969809538,0.00524656186898,6829144
0.693191757138,0.295098005727,0.0117102371349,6893064
0.960042813024,0.0392867319409,0.000670455035164,6861300
0.508341100173,0.454644909077,0.0370139907496,6926847
0.970635871261,0.0276913248145,0.0016728039247,6894021
0.995815579657,0.00350817935379,0.000676240989203,6897946
0.975881989027,0.0213209359712,0.00279707500146,6835716
0.0576701479627,0.374271192259,0.568058659779,6832160
0.522717491652,0.388466656773,0.088815851575,6835291
0.963626324647,0.0356089528327,0.000764722519863,6945184
0.271227538832,0.618472823639,0.110299637529,7140488
0.745364855005,0.246141503078,0.00849364191714,6937850
0.881356979835,0.112936194347,0.0057068258183,6899603
0.276465891779,0.425563965269,0.297970142952,6903105
0.896157334805,0.0946767551476,0.00916591004785,6828476
0.990889185017,0.00879081506252,0.000319999920605,6835098
0.907016992305,0.0820862074662,0.0108968002289,6830512
0.388737287219,0.414458115269,0.196804597513,6879997
0.464761595296,0.512357740532,0.022880664172,7131517
0.228238653866,0.499920381355,0.271840964779,6835955
0.611559221523,0.34389273894,0.0445480395367,6875250
0.25239966228,0.634549048719,0.113051289001,6932794
0.645607369769,0.321560946427,0.0328316838045,6948263
0.0880263524049,0.371569307138,0.540404340457,6867201
0.987399483362,0.00927657441757,0.00332394222065,6882748
0.25061785916,0.522977527211,0.226404613629,6902842
0.803688929989,0.191000736685,0.00531033332635,6847535
0.836867792653,0.148160078691,0.0149721286555,6825267
0.998704908648,0.0011844472071,0.000110644145073,6909277
0.232774996628,0.463108433386,0.304116569986,7152429
0.990241892606,0.00940627123717,0.000351836156408,6931179
0.534761983599,0.402029624912,0.0632083914892,6896746
0.956031039283,0.0416394027973,0.00232955791975,6937073
0.99190991748,0.00781873767635,0.000271344843934,6934627
0.428047075136,0.433780608469,0.138172316395,6887878
0.65802764525,0.323602436319,0.0183699184314,6921531
0.993491986877,0.00541545039447,0.00109256272862,6897461
0.883064556242,0.110827887101,0.00610755665752,6862066
0.491447874339,0.383859484813,0.124692640848,6851531
0.995086806839,0.00391920877923,0.000993984381847,6928550
0.846061345411,0.148438982574,0.00549967201453,6945851
0.996236390156,0.00346454938637,0.000299060457773,6946955
0.289778870096,0.562075249331,0.148145880573,6869136
0.675623303551,0.280029419595,0.0443472768538,6908667
0.822775133317,0.163531059099,0.0136938075847,6820525
0.324415166453,0.612569440717,0.0630153928302,6887970
0.824860898787,0.168221937447,0.00691716376661,6848365
0.962077070589,0.0368320872881,0.00109084212306,6816173
0.9982054221,0.00163345679525,0.000161121104431,6900732
0.666326894665,0.314951896635,0.0187212087005,6815786
0.387669812226,0.502665099232,0.109665088542,6945972
0.960126603734,0.0371520276745,0.00272136859187,6848445
0.67051723182,0.276191069514,0.0532916986653,6856486
0.570166734637,0.421021974421,0.00881129094235,6867010
0.950722549351,0.029449289802,0.0198281608472,6828257
0.611298967616,0.367178782252,0.0215222501327,6871807
0.999452192398,0.000520373487568,2.74341141569e-05,7212966
0.972551559953,0.0252137478947,0.00223469215275,6889959
0.958509590396,0.0403264453626,0.00116396424101,6915510
0.899670199646,0.0947970121537,0.00553278820038,6905402
0.427265648985,0.511422200367,0.0613121506489,6826100
0.940886417123,0.056943792657,0.00216979022004,6848893
0.277992163659,0.58075236695,0.141255469391,7155647
0.0652299933493,0.194292840426,0.740477166224,6812883
0.940672323429,0.0566385643394,0.00268911223159,6866095
0.999193945725,0.000736426399213,6.96278757787e-05,6931127
0.995959630595,0.00343411845537,0.000606250949674,6829407
0.0590133900407,0.358973512267,0.582013097692,6867548
0.294313567949,0.497636322093,0.208050109958,7132575
0.804773076159,0.18458362123,0.0106433026105,6890847
0.984681918191,0.0082976369901,0.00702044481861,6916429
0.0234463127307,0.214031159697,0.762522527572,6884716
0.0601920634775,0.243990166296,0.695817770227,6896897
0.920346835152,0.0766511515817,0.00300201326584,6941572
0.701137424816,0.240114904434,0.0587476707501,6945277
0.992481545735,0.00633763304135,0.00118082122375,7133293
0.998773992693,0.000928155588422,0.000297851718458,7213385
0.76388093244,0.222647412129,0.0134716554306,6831928
0.894519393218,0.101785510177,0.00369509660516,6932687
0.879338446259,0.118261589885,0.00239996385567,6873877
0.714443635286,0.22346661166,0.0620897530537,7135459
0.930477857299,0.0645696163156,0.00495252638565,6876620
0.894672058087,0.0983080925134,0.00701984939958,6936163
0.26722568188,0.616498237467,0.116276080653,6912398
0.993760707338,0.00520416651273,0.00103512614888,6917655
0.937033606408,0.0598637634752,0.00310263011654,6941149
0.64762561745,0.270786931339,0.0815874512109,6941378
0.633878680443,0.356550438972,0.00957088058507,6882453
0.493801126687,0.436605551998,0.0695933213154,7119160
0.437503974561,0.437418079748,0.125077945691,6868451
0.855719601167,0.135544266921,0.00873613191219,6945881
0.997151026001,0.00245214696043,0.000396827038625,6822541
0.450748402922,0.441227709376,0.108023887702,6884355
0.709166771006,0.280879971712,0.00995325728164,7132247
0.590353561235,0.364452067472,0.0451943712929,6872049
0.830552323795,0.163736716738,0.00571095946741,6890740
0.522210871667,0.365403917808,0.112385210525,6840897
0.804806658187,0.153919640749,0.0412737010638,6847694
0.779558854806,0.213719145704,0.00672199948959,6938196
0.99251577019,0.00626893394486,0.00121529586559,6939526
0.998260757269,0.00142707945931,0.000312163272095,6917529
0.97536026394,0.0230543529409,0.00158538311958,6885636
0.995608745199,0.00428151821332,0.000109736587863,7202614
0.307612798026,0.563071751707,0.129315450266,6926453
0.249333362755,0.62767603294,0.122990604305,6844636
0.085359865448,0.260913334863,0.653726799689,6879293
0.418758703449,0.401833592419,0.179407704132,6924780
0.995947091992,0.00248295486228,0.00156995314535,6881024
0.585150458853,0.333767796854,0.0810817442924,6851374
0.96778181149,0.0301623566661,0.00205583184404,6850953
0.775717242282,0.214517250834,0.00976550688423,6892292
0.971876229151,0.0263691033545,0.00175466749412,6886159
0.739585413514,0.218944037324,0.0414705491621,6849877
0.851571618382,0.136263150547,0.0121652310705,6940840
0.529150633426,0.439607503335,0.0312418632392,6926838
0.111107861867,0.478201107153,0.41069103098,6879243
0.971240047728,0.0148528585941,0.0139070936783,6944286
0.364586609614,0.378076139158,0.257337251228,6915587
0.645169270325,0.280792542239,0.0740381874358,6881904
0.241977539057,0.512313109669,0.245709351274,7154358
0.880328101283,0.112590094755,0.00708180396186,6899258
0.0850908659283,0.606551792463,0.308357341608,6855460
0.840440701862,0.14383791529,0.0157213828484,6864884
0.451452907552,0.494358375046,0.0541887174025,6868209
0.613399194696,0.340800611087,0.045800194217,6853834
0.74948107189,0.23636701119,0.0141519169201,7210020
0.872075880739,0.118111952544,0.0098121667164,6933228
0.537016111921,0.350570111771,0.112413776308,6929227
0.902384529174,0.0715440046555,0.0260714661701,7192346
0.971806326298,0.0273784185685,0.000815255133393,6928834
0.988316370801,0.0112064260004,0.000477203198446,6812269
0.512685307801,0.423072437271,0.0642422549284,6851446
0.95853914555,0.0386704718576,0.00279038259245,6930820
0.770595132497,0.188106150505,0.0412987169977,6875310
0.726533818362,0.248590459968,0.0248757216692,6932397
0.991500417169,0.00794029657637,0.000559286254649,6904291
0.367428814939,0.54610978587,0.0864613991911,6921642
0.264488101918,0.457673661586,0.277838236496,7136057
0.828255883061,0.144946726222,0.0267973907173,6920815
0.136361799108,0.67167498876,0.191963212132,6861757
0.233186445103,0.428360630212,0.338452924685,6934222
0.932025559553,0.0435754970029,0.024398943444,6946448
0.888421630943,0.0980580676142,0.0135203014431,6890569
0.666062944564,0.305330467043,0.0286065883929,6884477
0.992342311091,0.00748284040749,0.000174848501663,7145006
0.934818635298,0.0615200304866,0.00366133421544,6893718
0.991740963843,0.00567939726532,0.0025796388916,6893330
0.984252609326,0.0153184143764,0.000428976298056,6901780
0.391237678516,0.570733169261,0.0380291522228,6815738
0.983055848916,0.0145183746818,0.00242577640232,6917209
0.987482292674,0.0115717659175,0.00094594140799,6904227
0.995026004986,0.00487958662374,9.44083905764e-05,6894402
0.784536033563,0.204725209267,0.0107387571699,7146083
0.976295658791,0.0215460089389,0.00215833227055,6902153
0.599516582797,0.374556846657,0.0259265705468,6925988
0.998145199213,0.00180323332152,5.1567465125e-05,6881323
0.955108179181,0.0191609251852,0.0257308956341,6937405
0.319536104862,0.633688977844,0.046774917294,7098390
0.192621230283,0.69348730001,0.113891469707,6935942
0.391548138673,0.557471052805,0.0509808085215,6833510
0.867638429579,0.116138226301,0.0162233441203,6812857
0.654429573141,0.317996604116,0.0275738227431,6828441
0.232676110933,0.600119734316,0.16720415475,6915711
0.0788225426466,0.482493741895,0.438683715458,6880643
0.715147422926,0.269869301315,0.0149832757595,7224930
0.978121375755,0.0213727761742,0.00050584807042,6852614
0.942806544111,0.0522935527724,0.00489990311677,6853816
0.122122121677,0.338658071191,0.539219807132,6811964
0.951652200809,0.0473060059076,0.00104179328326,6847800
0.382806639211,0.412539318707,0.204654042082,6859897
0.864165914636,0.12691568517,0.00891840019369,6882929
0.981127123174,0.0176851068329,0.00118776999276,7157584
0.996890783749,0.00216899798522,0.000940218265975,6863444
0.951935195088,0.0429121990805,0.00515260583136,6836902
0.25873757699,0.566308660247,0.174953762763,6918960
0.55207415822,0.423444109713,0.0244817320667,6882854
0.996421374626,0.00341518903709,0.000163436336907,6822755
0.583652163278,0.344265238382,0.0720825983399,6815184
0.825902980623,0.142307140952,0.0317898784254,6846582
0.88973336963,0.105361009158,0.00490562121158,6940309
0.770661451161,0.210965695895,0.0183728529438,6924056
0.902355110938,0.094637166886,0.00300772217592,6824481
0.891821411265,0.101040920064,0.00713766867113,6839735
0.791785579705,0.194754375006,0.0134600452886,6900130
0.981324673793,0.0182148733389,0.000460452868218,6946739
0.472413338792,0.492440867338,0.0351457938702,7144008
0.980269666624,0.0192792810753,0.000451052300697,6863751
0.540453011112,0.392885538147,0.0666614507406,6820293
0.884797697276,0.111676386987,0.00352591573738,6818472
0.687693779574,0.259317919384,0.0529883010421,6832420
0.979553389348,0.0194122942888,0.00103431636333,6879450
0.718306444357,0.272551751967,0.00914180367648,6943618
0.898012696551,0.0936129678133,0.00837433563521,6883463
0.492096469377,0.27677305272,0.231130477903,6834919
0.992110649984,0.00671466260598,0.00117468740972,7505696
0.996432622905,0.00310451615703,0.000462860938464,6903645
0.208509464896,0.273859044956,0.517631490149,6831148
0.572688933095,0.312835398537,0.114475668367,6828948
0.736943183854,0.255810855489,0.00724596065736,6878495
0.922280060915,0.0765761176609,0.00114382142389,6924862
0.922427701625,0.0738167957312,0.00375550264353,6887802
0.114393392753,0.269155543177,0.61645106407,6903228
0.998284449172,0.00168807706191,2.74737656384e-05,6947415
0.211094290701,0.46755209084,0.321353618459,6941508
0.782036702736,0.205878922411,0.0120843748529,6856111
